0,12749139.1801871,12417118.3043343,11317587.2092193,9512831.47953651,7303365.38644433,5331015.0698832,4862862.43080626,6366902.11705488,8586460.09656097,10615057.7019345,12042710.1718008,12668838.741018,8095850.88099177,6909749.93064132,6630090.0469925,7442133.71033931,8854284.28205682,10280594.2611704,11340064.2188722,11825609.1711104,11656045.3356302,10858926.312508,9576104.47768755,2010306.53071566,2745394.1680082,6149002.85395977,9233038.21704943,11609995.4487832,13065591.5513952,13475846.8111028,12806294.64497,11113275.6458096,8542064.81999513,5332220.50908379,5233598.87807958,5784801.5549125,7621216.06350729,9665982.24537817,11326338.146763,12311822.5755388,12486805.8497749,11829043.0707621,10424816.3152711,8490783.84518088,6464601.4173864,9779555.86316262,8565596.07366562,7548183.63730309,7187609.24645332,7688715.00359053,8773375.90960237,9977975.74564651,10941136.7343467,11446420.671728,11397575.0115944,10803483.2831132,11189826.9785823,8676850.48954299,5534447.73858814,2327625.29740089,2766881.99539055,6052521.50457413,9118654.92788765,11508145.7153835,12994122.4401496,13446910.9443175,12827818.1327444
12749139.1801871,0,5340526.2703589,7392881.97701603,9623195.8906025,11416022.5201223,12483508.6406542,12690277.3871637,12012011.8084213,10530591.3118513,8453438.19830232,6205629.27788873,4743695.40884457,10808045.7102783,11613158.4974898,11801203.9815224,11341289.0420343,10310866.9059264,8911754.8059542,7515309.411532,6691682.18215099,6930414.65922075,8074867.65041083,9531257.82162896,13394541.7205736,13268413.2069742,12081520.7247221,9934959.7329623,7019705.2100479,3657106.40661998,1548063.82615607,4452852.80332522,7754629.0360371,10512784.2669043,12449269.2139228,12544948.9703556,12286062.4330964,11214472.7584489,9477465.62657575,7384615.20040709,5576668.03847072,5192525.4916598,6590543.49904199,8676866.45119191,10602242.3106277,11958623.1115965,9447744.42313411,10531650.7098337,11248409.3387762,11451489.6771196,11103232.1648345,10269178.0824869,9127920.14565833,7993676.12470472,7304898.926802,7419738.44421364,8272538.7656662,7662262.31615989,10413971.960726,12366454.1453526,13342556.8029677,13257727.7380436,12119247.9933384,10026118.2283831,7171105.83705565,3894825.79582994,1807901.85009868,4415859.61510926
12417118.3043343,5340526.2703589,0,4033360.47846245,7739962.07827835,10819517.9818389,13022540.884662,14170554.9730425,14170554.9730425,13022540.884662,10819517.9818389,7739962.07827835,4033360.47846244,7307369.65743453,8605219.45703117,10184677.5649439,11532940.1096719,12352992.6205449,12500874.0500231,11952742.8648749,10800030.7983817,9269124.81977503,7775007.45152428,6951842.72076784,12551333.3491262,12448668.2935958,11650623.9322793,10292967.3438094,8663282.51450739,7270977.76154408,6814163.8144677,7602133.77305123,9129038.83890915,10722061.4167043,11942446.6456932,14218407.400524,13173694.2217047,11061899.6980491,8054241.27959161,4394991.72711452,405483.787629179,3673781.99583511,7421578.40500594,10569366.8591077,12861243.4130684,14111365.3971713,12253370.8135519,11527597.1814454,10294254.924788,8828850.69411745,7596932.73661442,7189615.4513331,7860811.42857943,9209315.89562789,10650802.0330078,11772314.7999223,12339800.7322108,8619396.36230263,10143562.21978,11461163.6431184,12274174.5081502,12436093.795184,11920199.9977781,10814294.1851157,9338751.2486102,7894447.63615919,7083885.55586422,7392178.85640621
11317587.2092193,7392881.97701603,4033360.47846245,0,4033360.47846255,7739962.07827835,10819517.981839,13022540.884662,14170554.9730425,14170554.9730425,13022540.884662,10819517.9818389,7739962.07827825,7240581.66648116,6487893.15653072,7136619.13811018,8725569.49757405,10473933.5288888,11873372.7377805,12650196.6452339,12680945.1930909,11961035.6462079,10603763.8208065,8868505.49921058,11798368.2640232,10485396.4047994,8849592.01996206,7372819.39725295,6758640.20896756,7418432.03030997,8913496.0856321,10544132.9685418,11838268.3163282,12536009.2394565,12521978.7742494,13182655.7184925,11079847.4817826,8081041.43211828,4432394.41164912,536189.289840894,3656992.2477922,7399301.18880405,10548890.3570314,12845784.7888063,14102994.044782,14218407.400524,10879154.4253751,8988308.44768479,7078786.24080712,6004615.9277202,6564317.56088322,8305435.35585465,10271586.8942985,11877267.4368844,12821111.3400551,12962967.6656673,12283367.319776,6227372.20289554,6981592.88384409,8704347.40752675,10548441.5420252,11999260.3859812,12787397.200728,12793480.3126303,12016641.7243295,10574324.2838441,8733160.21150324,7002946.17795552
9512831.47953651,9623195.8906025,7739962.07827835,4033360.47846255,0,4033360.47846245,7739962.0782783,10819517.9818389,13022540.884662,14170554.9730425,14170554.9730425,13022540.884662,10819517.9818389,8206430.16723424,5413645.13869862,3807973.68237772,5256035.45619153,8032192.51163889,10651709.098362,12606160.7623665,13654786.1076968,13686836.8600291,12699055.9746828,10795263.4438505,10450240.2531063,7908693.33893458,5344620.25020382,4248449.08799916,5859960.3861006,8500735.98778268,10944361.3498559,12720163.9649257,13601136.6285219,13490068.4997725,12398830.1649801,11079847.4817826,8095642.22115432,4476998.49344216,848485.116118278,3701859.02479086,7407613.64645514,10543054.8662217,12832927.1369129,14087654.6305417,14204425.849622,13173694.2217047,9029158.60802416,5964873.75193548,3297486.42660285,3905236.8819498,6879119.26666981,9844043.47964787,12176098.7964894,13604223.3903943,13988153.149079,13291900.276415,11581185.1553123,4846638.08393076,3413791.70978045,5352941.81800281,8312193.07673794,10960415.9251413,12867176.0823115,13819126.1220765,13721413.8369971,12583539.3324224,10520273.507027,7771997.40015918
7303365.38644433,11416022.5201223,10819517.9818389,7739962.07827835,4033360.47846245,0,4033360.4784625,7739962.07827835,10819517.981839,13022540.884662,14170554.9730425,14170554.9730425,13022540.884662,9665363.08893292,6305029.90039028,2449924.42374415,1697414.81456812,5601922.158089,9080441.92428913,11827282.6634012,13617577.6630612,14305692.3133842,13835729.4309965,12245861.7070539,8779346.56428479,5275315.08070878,1510453.92609437,2923291.89118168,6680764.51560984,9954147.24095227,12434414.789607,13913706.2957951,14270246.0628318,13474805.3565163,11592649.2681114,8081041.43211828,4476998.49344216,977813.549507166,3755150.53350604,7436744.44719476,10558701.333553,12837721.7898592,14083285.5235174,14192799.0818724,13157271.4272087,11061899.6980491,7165721.69896352,3407261.82612459,849340.5310185,4705346.55251522,8310583.73961895,11251640.2065058,13284373.8564459,14242764.080637,14048793.9347056,12718244.6675073,10359498.3186676,5768687.27462763,1844247.17101307,2231784.8892353,6124955.86869765,9522317.16902983,12148310.0413499,13790151.5404902,14314818.5660029,13679803.2986186,11936553.8761788,9226310.21632814
5331015.0698832,12483508.6406542,13022540.884662,10819517.981839,7739962.0782783,4033360.4784625,0,4033360.4784625,7739962.07827833,10819517.9818389,13022540.884662,14170554.9730425,14170554.9730425,11062053.828445,8373399.52678778,5304145.12733667,3123740.19896083,4562841.88297979,7603107.28249656,10439231.6663279,12573156.4898502,13767219.293096,13904960.9444034,12973393.5308582,7280861.54974494,4100117.90432473,2794569.56666193,5372593.96591297,8561048.24475007,11268752.0754982,13149038.9315716,14016134.3657647,13790238.7468066,12491897.0384268,10242866.5925022,4432394.41164911,848485.116118277,3755150.53350604,7452607.61869345,10577502.9728684,12854552.8429253,14095002.6277375,14197134.4866106,13152593.2635634,11046965.963136,8054241.27959161,6115793.76674734,4060693.03544334,4782917.79120263,7384870.0954525,10070621.2137513,12191603.6197805,13460993.8002909,13739297.8613135,12997755.4815119,11314292.0006573,8886926.65030765,8064499.1858827,5157968.86637598,3501763.25789738,5153914.46518555,8060136.72354043,10736786.4579713,12709335.9645769,13748749.0380923,13749541.3336547,12711634.9787965,10740350.4469496
4862862.43080626,12690277.3871637,14170554.9730425,13022540.884662,10819517.9818389,7739962.07827835,4033360.4784625,0,4033360.47846248,7739962.07827829,10819517.9818389,13022540.884662,14170554.9730425,12041740.5594381,10523763.0337464,8594733.43296669,6787655.30416866,6015269.0143058,6880600.14039107,8718193.00471278,10633694.7218712,12115253.6258398,12900304.5655118,12874620.1816017,6682092.24459996,5743832.75946592,6587432.10128767,8517953.42971554,10545943.5210217,12128632.4281992,12993156.8426699,13018321.1910087,12200802.9032544,10654417.9254301,8641117.95265906,536189.289840893,3701859.02479086,7436744.44719476,10577502.9728684,12863736.6708467,14109092.6131269,14212355.7395895,13165138.7191987,11052535.4033903,8046596.84198026,4394991.72711452,6642222.95237444,6976374.6203184,8384757.29625944,10107097.9043934,11580401.6793604,12490650.8391545,12685776.1207548,12136048.4916615,10927620.8837152,9282530.11966799,7622134.31127045,10425066.7948624,8596350.70280832,6941657.82426174,6301830.33118406,7153103.76626293,8883219.45028319,10683557.649343,12069095.9466227,12785802.5034688,12724924.210786,11895251.6049617
6366902.11705488,12012011.8084213,14170554.9730425,14170554.9730425,13022540.884662,10819517.981839,7739962.07827833,4033360.47846248,0,4033360.47846245,7739962.0782783,10819517.9818389,13022540.884662,12415168.0740754,12196685.5681928,11344068.8197316,10014746.6901375,8520293.23269357,7374490.50665456,7172207.74564148,8043755.06635961,9484566.10798429,10917292.5386081,11962960.9159802,7392536.05563928,8440003.05835571,9886229.12624443,11213671.1435234,12098252.2770949,12371510.6655474,11986792.1641549,11010435.6709037,9634449.81657306,8214683.15500796,7297305.12335004,3656992.2477922,7407613.64645514,10558701.333553,12854552.8429253,14109092.6131269,14220662.7135998,13180222.7896804,11072080.512755,8067086.75274913,4408972.00421082,405483.78762918,8328493.31540124,9896163.53634719,11311362.7956411,12242285.3930874,12520078.8657183,12099562.8028208,11049962.7730666,9569404.8008343,8031649.32360289,7035383.86736062,7162892.28479986,12262059.7385559,11413325.0282279,10067172.6425221,8531744.98714126,7325220.08698413,7072956.53130181,7940242.06873986,9412069.35759093,10887464.6384342,11974476.7137814,12459959.3147129
8586460.09656097,10530591.3118513,13022540.884662,14170554.9730425,14170554.9730425,13022540.884662,10819517.9818389,7739962.07827829,4033360.47846245,0,4033360.4784625,7739962.0782783,10819517.981839,12118913.1949121,13117724.9286566,13235741.2838581,12458371.8691361,10885531.6905464,8757471.23465293,6563399.76939552,5321850.68988336,6091789.68142447,8164041.29405452,10371491.2071786,8934984.99847545,10926824.8316616,12392974.2374891,13097698.4186547,12945415.0923894,11956051.60446,10269461.7713219,8187131.55033221,6312774.47056521,5705844.72287935,6889244.45780023,7399301.18880405,10543054.8662217,12837721.7898592,14095002.6277375,14212355.7395895,13180222.7896804,11082741.5031776,8091679.9223799,4457741.824248,703267.403654445,3673781.99583511,10252899.7299653,12191838.5141977,13323042.0500257,13510953.8911738,12734491.2976479,11083216.7579767,8777471.87268181,6270996.34440416,4653733.57908892,5445094.24330125,7795094.32956104,13297840.3000988,13334497.6898489,12444599.1247789,10737492.6688715,8464661.43022684,6147739.87991135,4947257.78982168,5993434.19039173,8276375.80727728,10576567.3168192,12338929.8910182
10615057.7019345,8453438.19830232,10819517.9818389,13022540.884662,14170554.9730425,14170554.9730425,13022540.884662,10819517.9818389,7739962.0782783,4033360.4784625,0,4033360.47846244,7739962.07827834,11202952.2384477,13164108.9903448,14092474.5714433,13906275.4269969,12621764.3491063,10353255.8398821,7319483.12687076,3935241.09655618,2239792.57068927,5048807.28585901,8390899.43924806,10592808.9177149,12735231.2797607,13899916.4900817,13979383.4574434,12966463.1135214,10954055.9081626,8142057.8850994,4907471.13346093,2600608.34344399,4453289.94995598,7690250.89716331,10548890.3570314,12832927.1369129,14083285.5235174,14197134.4866106,13165138.7191987,11072080.512755,8091679.9223799,4484155.94253533,944447.103287662,3732171.2434797,7421578.40500594,11833875.9947173,13590119.5580226,14256222.2594587,13776689.240555,12191439.3715391,9633891.27332188,6329408.46917511,2669782.84859076,2113541.01276306,5737953.09067411,9135862.20931061,13405219.5231609,14192836.7785798,13847548.9686915,12398704.2863038,9971439.47092723,6789634.64949595,3266269.26560296,2094446.59758442,5408155.26299031,8795424.65091112,11551872.0011017
12042710.1718008,6205629.27788873,7739962.07827835,10819517.9818389,13022540.884662,14170554.9730425,14170554.9730425,13022540.884662,10819517.9818389,7739962.0782783,4033360.47846244,0,4033360.47846255,9840371.02366759,12330015.0486452,13838114.554662,14237125.5947774,13493687.5075592,11670067.099342,8921760.61330811,5501764.19331548,1966386.52737924,2961805.85256026,6590050.37963315,11895045.9304424,13638906.7852467,14283678.3479666,13776325.3532836,12158566.1479934,9564261.72321264,6213917.33870535,2455024.91593358,2015922.31693385,5774639.26281983,9196613.66733804,12845784.7888063,14087654.6305417,14192799.0818724,13152593.2635634,11052535.4033903,8067086.75274913,4457741.824248,944447.103287661,3763680.98222757,7448303.25050719,10569366.8591077,12768452.3351945,13951328.5321921,14035136.8559562,13012501.3741239,10974596.0694296,8115103.93126826,4784933.54698855,2281024.338048,4288893.78561249,7634263.72361535,10592508.2545338,12571786.1064494,13915663.6300199,14152612.3534197,13262370.4045923,11321506.6808475,8503141.44341578,5100047.60613246,1998850.8872539,3639753.40328205,7129524.09851036,10237685.9884705
12668838.741018,4743695.40884457,4033360.47846244,7739962.07827825,10819517.9818389,13022540.884662,14170554.9730425,14170554.9730425,13022540.884662,10819517.981839,7739962.07827834,4033360.47846255,0,8363725.02231974,10725322.8763384,12495086.1043254,13423431.7790985,13400644.6121161,12429300.4029504,10624737.2719257,8244899.38860447,5833098.00941103,4669580.81324417,5932790.43891862,12585304.1471272,13539921.3102037,13512928.6279817,12507239.3465968,10636403.3806227,8151819.34467646,5586514.39125108,4312010.96408887,5710555.33180142,8295170.54410586,10756329.1806134,14102994.044782,14204425.849622,13157271.4272087,11046965.963136,8046596.84198026,4408972.00421082,703267.403654444,3732171.2434797,7448303.25050719,10580534.3980222,12861243.4130684,12915114.319168,13241113.6993912,12677731.9230865,11297329.7297076,9303166.65856018,7108128.22549285,5567456.53565317,5844865.99459163,7682317.29492118,9882901.16088678,11741012.7046322,10897522.5715871,12526357.2721312,13333474.8123718,13219118.0481692,12196896.2458888,10396531.1732162,8101253.2586501,5905216.66591401,5057407.97168924,6379539.51671864,8685284.85702773
8095850.88099177,10808045.7102783,7307369.65743453,7240581.66648116,8206430.16723424,9665363.08893292,11062053.828445,12041740.5594381,12415168.0740754,12118913.1949121,11202952.2384477,9840371.02366759,8363725.02231974,0,4033360.4784625,7739962.07827835,10819517.9818389,13022540.884662,14170554.9730425,14170554.9730425,13022540.884662,10819517.9818389,7739962.07827835,4033360.47846244,7280009.04312691,8276264.89242709,9735677.1188446,11113648.7354792,12065007.1036579,12407091.9539489,12081799.8758304,11144300.3854796,9773729.87026677,8310438.52199588,7294507.3123537,12283367.319776,11581185.1553123,10359498.3186676,8886926.65030765,7622134.31127045,7162892.28479986,7795094.32956105,9135862.20931061,10592508.2545338,11741012.7046322,12339800.7322108,13650421.349563,11881740.2564108,9150474.84624732,5677901.07527072,1745396.69345362,2328741.84577491,6214007.13037167,9595889.15180845,12200376.6781493,13816465.5614077,14313228.7983164,11553586.988129,10298191.7033642,8802563.62564579,7540060.59413702,7120788.10401293,7809996.73978427,9190030.13178476,10660152.9643149,11801590.0037312,12378713.7819539,12291188.8433753
6909749.93064132,11613158.4974898,8605219.45703117,6487893.15653072,5413645.13869862,6305029.90039028,8373399.52678778,10523763.0337464,12196685.5681928,13117724.9286566,13164108.9903448,12330015.0486452,10725322.8763384,4033360.4784625,0,4033360.4784625,7739962.0782783,10819517.9818389,13022540.884662,14170554.9730425,14170554.9730425,13022540.884662,10819517.981839,7739962.0782783,6846369.95311651,5757474.2266971,6437065.58649048,8312853.46827874,10361822.3448766,12003283.151541,12945355.9626182,13054328.4638679,12315803.7206863,10831506.2148869,8845974.79914698,10879154.4253751,9029158.60802416,7165721.69896351,6115793.76674734,6642222.95237444,8328493.31540124,10252899.7299653,11833875.9947173,12768452.3351945,12915114.319168,12253370.8135519,11891675.4019835,9172163.60526074,5715854.1494946,1837546.61343096,2355020.26249737,6204095.64431432,9578670.08904593,12182641.874856,13802076.848058,14304975.5780158,13650421.349563,9566778.7991951,7232090.33943446,5386383.18607942,5389587.05811854,7238490.43499491,9573116.20934937,11590205.3167428,12919265.6307207,13380061.8511708,12916701.2729249,11585395.4921876
6630090.0469925,11801203.9815224,10184677.5649439,7136619.13811018,3807973.68237772,2449924.42374415,5304145.12733667,8594733.43296669,11344068.8197316,13235741.2838581,14092474.5714433,13838114.554662,12495086.1043254,7739962.07827835,4033360.4784625,0,4033360.47846245,7739962.0782783,10819517.9818389,13022540.884662,14170554.9730425,14170554.9730425,13022540.884662,10819517.9818389,7642070.92025557,4451071.14412871,2732880.03647457,5028915.13707929,8223012.99949267,11000621.4620782,12981695.182795,13966596.9800651,13864026.217111,12683331.6997445,10534916.7765146,8988308.44768479,5964873.75193548,3407261.82612459,4060693.03544334,6976374.6203184,9896163.53634719,12191838.5141977,13590119.5580226,13951328.5321921,13241113.6993912,11527597.1814454,9172163.60526074,5736478.10103199,1942671.5745069,2445107.04765812,6230647.69528923,9585092.72397993,12177589.3016018,13790110.8545467,14289852.9820951,13635857.4255798,11881740.2564108,7282798.02657447,3805736.20483194,1966126.38231578,4955436.79624049,8365798.19219269,11213052.8397187,13194518.7320992,14132234.5438652,13945288.4371365,12649699.164645,10358141.9754315
7442133.71033931,11341289.0420343,11532940.1096719,8725569.49757405,5256035.45619153,1697414.81456812,3123740.19896083,6787655.30416866,10014746.6901375,12458371.8691361,13906275.4269969,14237125.5947774,13423431.7790985,10819517.9818389,7739962.0782783,4033360.47846245,0,4033360.4784625,7739962.07827835,10819517.981839,13022540.884662,14170554.9730425,14170554.9730425,13022540.884662,9160989.2633518,5720259.76445959,1914734.55634477,2446026.02163448,6239895.64825386,9594975.04909537,12185945.2959795,13795656.6036268,14291735.8260932,13633567.6751794,11875052.8760428,7078786.24080712,3297486.42660285,849340.5310185,4782917.79120263,8384757.29625944,11311362.7956411,13323042.0500257,14256222.2594587,14035136.8559562,12677731.9230865,10294254.924788,5715854.1494946,1942671.5745069,2492938.19013482,6262456.86553432,9607623.56491067,12191138.1395462,13794572.8180758,14285545.715771,13623745.4391855,11863529.1327277,9150474.84624732,5500134.23938326,2145150.1973927,3166521.44711255,6693622.61310671,9894097.434852,12346552.1505602,13824606.6094081,14200667.9325139,13442800.5645282,11615550.0517258,8878775.10366702
8854284.28205682,10310866.9059264,12352992.6205449,10473933.5288888,8032192.51163889,5601922.158089,4562841.88297979,6015269.0143058,8520293.23269357,10885531.6905464,12621764.3491063,13493687.5075592,13400644.6121161,13022540.884662,10819517.9818389,7739962.0782783,4033360.4784625,0,4033360.4784625,7739962.07827833,10819517.981839,13022540.884662,14170554.9730425,14170554.9730425,10739506.7219819,8232733.34770491,5588898.08259616,4160831.48738479,5516216.70182109,8149839.74724453,10670486.2822156,12557274.5640078,13564036.4836632,13579532.0510652,12602119.6768184,6004615.92772021,3905236.8819498,4705346.55251522,7384870.09545249,10107097.9043934,12242285.3930874,13510953.8911738,13776689.240555,13012501.3741239,11297329.7297076,8828850.69411746,1837546.61343096,2445107.04765812,6262456.86553432,9619907.63522978,12207425.7903689,13810237.7702533,14297097.0597669,13628261.8717222,11858340.5934629,9132415.99867151,5677901.07527072,5513181.44223403,5078848.9508442,6748377.59056423,9130370.65424152,11280751.4953882,12778120.2830819,13416444.9525318,13119016.0347395,11920943.8862342,9976304.19560056,7607980.97212315
10280594.2611704,8911754.8059542,12500874.0500231,11873372.7377805,10651709.098362,9080441.92428913,7603107.28249656,6880600.14039107,7374490.50665456,8757471.23465293,10353255.8398821,11670067.099342,12429300.4029504,14170554.9730425,13022540.884662,10819517.9818389,7739962.07827835,4033360.4784625,0,4033360.47846248,7739962.07827833,10819517.9818389,13022540.884662,14170554.9730425,11944354.0821603,10670117.8360993,9023536.36993637,7461996.05873552,6692989.53167285,7226643.61980292,8695272.83212192,10369292.2662979,11740320.3652604,12526864.6725869,12598563.9875577,6564317.56088322,6879119.26666981,8310583.73961895,10070621.2137513,11580401.6793604,12520078.8657183,12734491.2976479,12191439.3715391,10974596.0694296,9303166.65856018,7596932.73661442,2355020.26249737,6230647.69528923,9607623.56491067,12207425.7903689,13818786.4740815,14310988.0730249,13644117.7685467,11872253.7695916,9139152.24872099,5667052.03505754,1745396.69345362,7309213.67087069,8445951.71371762,9956481.14919635,11313327.1286054,12196346.2644515,12442628.3179445,12011211.087304,10975013.8302205,9535530.40502882,8066552.83295059,7147668.68822656
11340064.2188722,7515309.411532,11952742.8648749,12650196.6452339,12606160.7623665,11827282.6634012,10439231.6663279,8718193.00471278,7172207.74564148,6563399.76939552,7319483.12687076,8921760.61330811,10624737.2719257,14170554.9730425,14170554.9730425,13022540.884662,10819517.981839,7739962.07827833,4033360.47846248,0,4033360.4784625,7739962.0782783,10819517.9818389,13022540.884662,12539466.6773886,12502555.9260965,11759975.2567419,10435889.9392545,8802108.63865998,7347379.84524776,6774018.20285368,7467111.04967037,8970032.04559852,10590337.3931914,11864927.8386542,8305435.35585465,9844043.47964787,11251640.2065058,12191603.6197805,12490650.8391545,12099562.8028208,11083216.7579767,9633891.27332188,8115103.93126826,7108128.22549285,7189615.45133311,6204095.64431432,9585092.72397993,12191138.1395462,13810237.7702533,14310988.0730249,13652770.4890728,11888978.2933374,9162779.70176276,5696108.03154781,1780306.56630498,2328741.84577491,9593127.66578815,11258837.1821984,12401002.8209197,12826484.740289,12472169.6539395,11390333.4462721,9760580.55997333,7942729.39040798,6588725.22128296,6518348.13267336,7785403.30497005
11825609.1711104,6691682.18215099,10800030.7983817,12680945.1930909,13654786.1076968,13617577.6630612,12573156.4898502,10633694.7218712,8043755.06635961,5321850.68988336,3935241.09655618,5501764.19331548,8244899.38860447,13022540.884662,14170554.9730425,14170554.9730425,13022540.884662,10819517.981839,7739962.07827833,4033360.4784625,0,4033360.47846245,7739962.07827825,10819517.9818389,12426697.9870609,13479014.3540348,13557193.47394,12652776.3492986,10867183.6527918,8434456.77514132,5842428.2959592,4338960.17586607,5484329.60814619,8019703.79691354,10519964.6437799,10271586.8942985,12176098.7964895,13284373.8564459,13460993.8002909,12685776.1207548,11049962.7730666,8777471.87268181,6329408.46917511,4784933.54698855,5567456.53565317,7860811.42857943,9578670.08904593,12177589.3016018,13794572.8180758,14297097.0597669,13644117.7685467,11888978.2933374,9175659.33371333,5730884.92267367,1897872.36340146,2398584.27479131,6214007.13037167,11573647.4298231,13209044.9702512,13861767.8747633,13466570.3177264,12062650.8118129,9798211.5350642,6968317.90339247,4269578.94127389,3827462.92506505,6241356.4275585,9133881.60171686
11656045.3356302,6930414.65922075,9269124.81977503,11961035.6462079,13686836.8600291,14305692.3133842,13767219.293096,12115253.6258398,9484566.10798429,6091789.68142447,2239792.57068927,1966386.52737924,5833098.00941103,10819517.9818389,13022540.884662,14170554.9730425,14170554.9730425,13022540.884662,10819517.9818389,7739962.0782783,4033360.47846245,0,4033360.47846244,7739962.07827835,11623908.9599547,13487268.5546886,14264626.1522153,13891917.6721255,12399826.3677491,9911894.79093561,6639225.39810827,2907592.16811859,1637299.45303769,5347175.07246028,8829606.96947392,11877267.4368844,13604223.3903943,14242764.080637,13739297.8613135,12136048.4916615,9569404.8008343,6270996.34440416,2669782.84859076,2281024.338048,5844865.99459163,9209315.89562789,12182641.874856,13790110.8545467,14285545.715771,13628261.8717222,11872253.7695916,9162779.70176276,5730884.92267367,1959109.96452178,2480040.68779954,6248704.87813628,9595889.15180845,12879385.2232236,14118658.1780428,14214165.968636,13158170.177828,11036233.484821,8020305.66706829,4354919.14435909,346376.49492624,3711136.53077125,7455763.08490308,10596760.8383239
10858926.312508,8074867.65041083,7775007.45152428,10603763.8208065,12699055.9746828,13835729.4309965,13904960.9444034,12900304.5655118,10917292.5386081,8164041.29405452,5048807.28585901,2961805.85256026,4669580.81324417,7739962.07827835,10819517.981839,13022540.884662,14170554.9730425,14170554.9730425,13022540.884662,10819517.9818389,7739962.07827825,4033360.47846244,0,4033360.47846255,10268668.3382049,12526411.7294421,13823686.0057498,14040744.4199878,13158090.8346228,11255884.9827761,8518555.16911499,5285214.09008671,2639792.07909567,4040675.65440102,7282711.35350554,12821111.3400551,13988153.149079,14048793.9347056,12997755.4815119,10927620.8837152,8031649.32360289,4653733.57908892,2113541.01276306,4288893.78561249,7682317.29492118,10650802.0330078,13802076.848058,14289852.9820951,13623745.4391855,11858340.5934629,9139152.24872099,5696108.03154781,1897872.36340146,2480040.68779954,6267575.687566,9616573.39719615,12200376.6781493,13329611.1789955,13908350.3294245,13428527.1926328,11937020.0466091,9589327.44326524,6690203.36010238,3985953.49530127,3809009.15831929,6407722.48241858,9333238.69612449,11749007.3534836
9576104.47768755,9531257.82162896,6951842.72076784,8868505.49921058,10795263.4438505,12245861.7070539,12973393.5308582,12874620.1816017,11962960.9159802,10371491.2071786,8390899.43924806,6590050.37963315,5932790.43891862,4033360.47846244,7739962.0782783,10819517.9818389,13022540.884662,14170554.9730425,14170554.9730425,13022540.884662,10819517.9818389,7739962.07827835,4033360.47846255,0,8650642.51744724,10706700.2927756,12270857.159158,13086033.4933331,13041539.6584367,12143124.7310922,10514234.2011508,8430906.96034585,6448239.93219885,5604828.77738416,6618961.39501803,12962967.6656673,13291900.276415,12718244.6675073,11314292.0006573,9282530.11966799,7035383.86736062,5445094.24330126,5737953.09067411,7634263.72361535,9882901.16088678,11772314.7999223,14304975.5780158,13635857.4255798,11863529.1327277,9132415.99867151,5667052.03505754,1780306.56630498,2398584.27479131,6248704.87813628,9616573.39719615,12210052.556564,13816465.5614077,12868675.881769,12596323.5905587,11571177.2216667,9957062.86757068,8090291.65489018,6596796.42611899,6348389.63941097,7538352.34001174,9372585.6078764,11113490.8118782,12348948.8814798
2010306.53071566,13394541.7205736,12551333.3491262,11798368.2640232,10450240.2531063,8779346.56428479,7280861.54974494,6682092.24459996,7392536.05563928,8934984.99847545,10592808.9177149,11895045.9304424,12585304.1471272,7280009.04312691,6846369.95311651,7642070.92025557,9160989.2633518,10739506.7219819,11944354.0821603,12539466.6773886,12426697.9870609,11623908.9599547,10268668.3382049,8650642.51744724,0,4033360.4784625,7739962.07827835,10819517.9818389,13022540.884662,14170554.9730425,14170554.9730425,13022540.884662,10819517.9818389,7739962.07827835,4033360.47846244,7002946.17795552,7771997.40015918,9226310.21632814,10740350.4469496,11895251.6049617,12459959.3147129,12338929.8910182,11551872.0011017,10237685.9884705,8685284.85702773,7392178.85640621,11585395.4921876,10358141.9754315,8878775.10366701,7607980.97212315,7147668.68822656,7785403.30497005,9133881.60171686,10596760.8383239,11749007.3534836,12348948.8814798,12291188.8433753,12591267.3221352,10162937.9639085,6911891.2974742,3103414.89294127,982999.144059295,4952837.03945541,8534787.93850017,11426442.8679212,13392817.5588411,14274438.2578376,13999834.8964725
2745394.1680082,13268413.2069742,12448668.2935958,10485396.4047994,7908693.33893458,5275315.08070878,4100117.90432473,5743832.75946592,8440003.05835571,10926824.8316616,12735231.2797607,13638906.7852467,13539921.3102037,8276264.89242709,5757474.2266971,4451071.14412871,5720259.76445959,8232733.34770491,10670117.8360993,12502555.9260965,13479014.3540348,13487268.5546886,12526411.7294421,10706700.2927756,4033360.4784625,0,4033360.4784625,7739962.0782783,10819517.9818389,13022540.884662,14170554.9730425,14170554.9730425,13022540.884662,10819517.981839,7739962.0782783,6227372.20289554,4846638.08393076,5768687.27462763,8064499.1858827,10425066.7948624,12262059.7385559,13297840.3000988,13405219.5231609,12571786.1064494,10897522.5715871,8619396.36230263,9566778.7991951,7282798.02657447,5500134.23938326,5513181.44223403,7309213.67087069,9593127.66578815,11573647.4298231,12879385.2232236,13329611.1789955,12868675.881769,11553586.988129,10174551.6070035,6940578.98146577,3172319.66161417,1138619.89102339,4965246.88126496,8527574.29182872,11411986.1844841,13376663.7891018,14260511.6418364,13991396.813155,12591267.3221352
6149002.85395977,12081520.7247221,11650623.9322793,8849592.01996206,5344620.25020382,1510453.92609437,2794569.56666193,6587432.10128767,9886229.12624443,12392974.2374891,13899916.4900817,14283678.3479666,13512928.6279817,9735677.1188446,6437065.58649048,2732880.03647457,1914734.55634477,5588898.08259616,9023536.36993637,11759975.2567419,13557193.47394,14264626.1522153,13823686.0057498,12270857.159158,7739962.07827835,4033360.4784625,0,4033360.47846245,7739962.0782783,10819517.9818389,13022540.884662,14170554.9730425,14170554.9730425,13022540.884662,10819517.9818389,6981592.88384409,3413791.70978045,1844247.17101307,5157968.86637598,8596350.70280832,11413325.0282279,13334497.6898489,14192836.7785798,13915663.6300199,12526357.2721312,10143562.21978,7232090.33943446,3805736.20483194,2145150.1973927,5078848.9508442,8445951.71371762,11258837.1821984,13209044.9702512,14118658.1780428,13908350.3294245,12596323.5905587,10298191.7033642,6940578.98146577,3209330.83068559,1301480.13665198,5008603.06169752,8546911.21058777,11417377.5678728,13372062.3792352,14248930.6387511,13975934.9148967,12575476.8294329,10162937.9639085
9233038.21704943,9934959.7329623,10292967.3438094,7372819.39725295,4248449.08799916,2923291.89118168,5372593.96591297,8517953.42971554,11213671.1435234,13097698.4186547,13979383.4574434,13776325.3532836,12507239.3465968,11113648.7354792,8312853.46827874,5028915.13707929,2446026.02163448,4160831.48738479,7461996.05873552,10435889.9392545,12652776.3492986,13891917.6721255,14040744.4199878,13086033.4933331,10819517.9818389,7739962.0782783,4033360.47846245,0,4033360.47846249,7739962.07827833,10819517.981839,13022540.884662,14170554.9730425,14170554.9730425,13022540.884662,8704347.40752675,5352941.81800281,2231784.8892353,3501763.25789738,6941657.82426174,10067172.6425221,12444599.1247789,13847548.9686915,14152612.3534197,13333474.8123718,11461163.6431184,5386383.18607942,1966126.38231578,3166521.44711255,6748377.59056422,9956481.14919635,12401002.8209197,13861767.8747633,14214165.968636,13428527.1926328,11571177.2216667,8802563.62564579,3172319.66161418,1301480.13665198,5032126.48638434,8570127.56798496,11436299.163851,13384402.1238593,14253248.9699875,13971530.8714872,12562342.5183599,10141640.8938849,6911891.2974742
11609995.4487832,7019705.2100479,8663282.51450739,6758640.20896756,5859960.3861006,6680764.51560984,8561048.24475007,10545943.5210217,12098252.2770949,12945415.0923894,12966463.1135214,12158566.1479934,10636403.3806227,12065007.1036579,10361822.3448766,8223012.99949267,6239895.64825386,5516216.70182109,6692989.53167285,8802108.63865998,10867183.6527918,12399826.3677491,13158090.8346228,13041539.6584367,13022540.884662,10819517.9818389,7739962.0782783,4033360.47846249,0,4033360.47846248,7739962.07827833,10819517.981839,13022540.884662,14170554.9730425,14170554.9730425,10548441.5420252,8312193.07673794,6124955.86869765,5153914.46518555,6301830.33118407,8531744.98714126,10737492.6688715,12398704.2863038,13262370.4045923,13219118.0481692,12274174.5081502,5389587.05811854,4955436.79624049,6693622.61310671,9130370.65424152,11313327.1286054,12826484.740289,13466570.3177264,13158170.177828,11937020.0466091,9957062.86757068,7540060.59413702,1138619.89102339,5008603.06169752,8570127.56798496,11446620.9385314,13399239.3628533,14268410.3612905,13983341.6189383,12567240.4051606,10135570.9344865,6887965.83681177,3103414.89294127
13065591.5513952,3657106.40661998,7270977.76154408,7418432.03030997,8500735.98778268,9954147.24095227,11268752.0754982,12128632.4281992,12371510.6655474,11956051.60446,10954055.9081626,9564261.72321264,8151819.34467646,12407091.9539489,12003283.151541,11000621.4620782,9594975.04909537,8149839.74724453,7226643.61980292,7347379.84524776,8434456.77514132,9911894.79093561,11255884.9827761,12143124.7310922,14170554.9730425,13022540.884662,10819517.9818389,7739962.07827833,4033360.47846248,0,4033360.4784625,7739962.07827835,10819517.9818389,13022540.884662,14170554.9730425,11999260.3859812,10960415.9251413,9522317.16902983,8060136.72354043,7153103.76626293,7325220.08698414,8464661.43022684,9971439.47092723,11321506.6808475,12196896.2458888,12436093.795184,7238490.43499491,8365798.19219269,9894097.434852,11280751.4953882,12196346.2644515,12472169.6539395,12062650.8118129,11036233.484821,9589327.44326524,8090291.65489018,7120788.10401293,4965246.88126496,8546911.21058776,11436299.163851,13399239.3628533,14276684.7196227,13997544.0032099,12584433.2188158,10151845.4532672,6896894.60711096,3083521.06287917,982999.144059295
13475846.8111028,1548063.82615607,6814163.8144677,8913496.0856321,10944361.3498559,12434414.789607,13149038.9315716,12993156.8426699,11986792.1641549,10269461.7713219,8142057.8850994,6213917.33870535,5586514.39125108,12081799.8758304,12945355.9626182,12981695.182795,12185945.2959795,10670486.2822156,8695272.83212192,6774018.20285368,5842428.2959592,6639225.39810827,8518555.16911499,10514234.2011508,14170554.9730425,14170554.9730425,13022540.884662,10819517.981839,7739962.07827833,4033360.4784625,0,4033360.47846249,7739962.0782783,10819517.9818389,13022540.884662,12787397.200728,12867176.0823115,12148310.0413499,10736786.4579713,8883219.45028319,7072956.53130181,6147739.87991135,6789634.64949595,8503141.44341578,10396531.1732162,11920199.9977781,9573116.20934937,11213052.8397187,12346552.1505602,12778120.2830819,12442628.3179445,11390333.4462721,9798211.5350642,8020305.66706829,6690203.36010238,6596796.42611899,7809996.73978427,8527574.29182872,11417377.5678728,13384402.1238593,14268410.3612905,13997544.0032099,12593814.0284888,10171399.1857996,6928173.15454302,3136601.67764927,1043728.49426054,4952837.03945541
12806294.64497,4452852.80332522,7602133.77305123,10544132.9685418,12720163.9649257,13913706.2957951,14016134.3657647,13018321.1910087,11010435.6709037,8187131.55033221,4907471.13346093,2455024.91593358,4312010.96408887,11144300.3854796,13054328.4638679,13966596.9800651,13795656.6036268,12557274.5640078,10369292.2662979,7467111.04967037,4338960.17586607,2907592.16811859,5285214.09008671,8430906.96034585,13022540.884662,14170554.9730425,14170554.9730425,13022540.884662,10819517.981839,7739962.07827835,4033360.47846249,0,4033360.47846245,7739962.07827826,10819517.9818389,12793480.3126303,13819126.1220765,13790151.5404902,12709335.9645769,10683557.649343,7940242.06873986,4947257.78982168,3266269.26560296,5100047.60613246,8101253.2586501,10814294.1851157,11590205.3167428,13194518.7320992,13824606.6094081,13416444.9525318,12011211.087304,9760580.55997333,6968317.90339247,4354919.14435909,3985953.49530127,6348389.63941097,9190030.13178476,11411986.1844841,13372062.3792352,14253248.9699875,13983341.6189383,12584433.2188158,10171399.1857996,6945198.0248698,3199322.64301334,1233611.4491466,4986056.82663312,8534787.93850017
11113275.6458096,7754629.0360371,9129038.83890915,11838268.3163282,13601136.6285219,14270246.0628318,13790238.7468066,12200802.9032544,9634449.81657306,6312774.47056521,2600608.34344399,2015922.31693385,5710555.33180142,9773729.87026677,12315803.7206863,13864026.217111,14291735.8260932,13564036.4836632,11740320.3652604,8970032.04559852,5484329.60814619,1637299.45303769,2639792.07909567,6448239.93219885,10819517.9818389,13022540.884662,14170554.9730425,14170554.9730425,13022540.884662,10819517.9818389,7739962.0782783,4033360.47846245,0,4033360.47846245,7739962.07827835,12016641.7243295,13721413.8369971,14314818.5660029,13748749.0380923,12069095.9466227,9412069.35759093,5993434.19039173,2094446.59758442,1998850.8872539,5905216.66591401,9338751.2486102,12919265.6307207,14132234.5438652,14200667.9325139,13119016.0347395,10975013.8302205,7942729.39040798,4269578.94127389,346376.49492624,3809009.15831929,7538352.34001174,10660152.9643149,13376663.7891018,14248930.6387511,13971530.8714872,12567240.4051606,10151845.4532672,6928173.15454302,3199322.64301334,1325891.98383238,5025749.49318803,8560083.71412933,11426442.8679212
8542064.81999513,10512784.2669043,10722061.4167043,12536009.2394565,13490068.4997725,13474805.3565163,12491897.0384268,10654417.9254301,8214683.15500796,5705844.72287935,4453289.94995598,5774639.26281983,8295170.54410586,8310438.52199588,10831506.2148869,12683331.6997445,13633567.6751794,13579532.0510652,12526864.6725869,10590337.3931914,8019703.79691354,5347175.07246028,4040675.65440102,5604828.77738416,7739962.07827835,10819517.981839,13022540.884662,14170554.9730425,14170554.9730425,13022540.884662,10819517.9818389,7739962.07827826,4033360.47846245,0,4033360.47846255,10574324.2838441,12583539.3324225,13679803.2986186,13749541.3336547,12785802.5034688,10887464.6384341,8276375.80727725,5408155.26299026,3639753.40328201,5057407.97168924,7894447.6361592,13380061.8511708,13945288.4371365,13442800.5645283,11920943.8862342,9535530.40502885,6588725.22128297,3827462.92506503,3711136.53077119,6407722.48241854,9372585.60787638,11801590.0037312,14260511.6418364,13975934.9148967,12562342.5183599,10135570.9344866,6896894.60711101,3136601.67764933,1233611.44914656,5025749.49318798,8573868.76143011,11443818.9387867,13392817.5588411
5332220.50908379,12449269.2139228,11942446.6456932,12521978.7742494,12398830.1649801,11592649.2681114,10242866.5925022,8641117.95265906,7297305.12335004,6889244.45780023,7690250.89716331,9196613.66733804,10756329.1806134,7294507.3123537,8845974.79914698,10534916.7765146,11875052.8760428,12602119.6768184,12598563.9875577,11864927.8386542,10519964.6437799,8829606.96947392,7282711.35350554,6618961.39501803,4033360.47846244,7739962.0782783,10819517.9818389,13022540.884662,14170554.9730425,14170554.9730425,13022540.884662,10819517.9818389,7739962.07827835,4033360.47846255,0,8733160.21150324,10520273.507027,11936553.8761788,12711634.9787965,12724924.210786,11974476.7137814,10576567.3168192,8795424.65091112,7129524.09851036,6379539.51671864,7083885.55586422,12916701.2729249,12649699.164645,11615550.0517258,9976304.19560056,8066552.83295059,6518348.13267336,6241356.4275585,7455763.08490308,9333238.69612449,11113490.8118782,12378713.7819539,13991396.813155,12575476.8294329,10141640.8938849,6887965.83681177,3083521.06287917,1043728.49426054,4986056.82663312,8560083.71412933,11443818.9387867,13401632.5315138,14274438.2578376
